50
47 44 49 50 47 47 48 45 42 45 48 42 46 42 40 44 43 41 48 40 44 43 47 50 48 40 48 50 45 45 40 45 41 45 42 50 46 47 40 49 43 49 45 50 41 47 42 44 47 40 
1 2 3 4 5 6 7 8 9 10 11 12 13 14 15 17 19 20 21 22 23 24 25 26 27 28 29 30 31 32 33 34 35 36 37 38 39 41 42 43 44 45 46 47 48 49 50
1 3 4 5 6 7 8 10 11 13 15 16 17 18 19 20 21 22 23 24 25 26 27 28 29 30 31 32 33 34 36 37 38 39 40 41 42 43 44 45 46 47 48 50
1 2 3 4 5 6 7 8 9 10 11 12 13 14 15 16 17 18 19 20 21 22 23 24 25 26 27 28 29 30 31 32 33 34 35 37 38 39 40 41 42 43 44 45 46 47 48 49 50
1 2 3 4 5 6 7 8 9 10 11 12 13 14 15 16 17 18 19 20 21 22 23 24 25 26 27 28 29 30 31 32 33 34 35 36 37 38 39 40 41 42 43 44 45 46 47 48 49 50
1 2 3 4 5 6 7 8 9 10 11 12 13 14 15 16 17 18 19 21 22 23 24 25 26 27 28 29 30 31 32 33 34 35 36 37 38 39 40 41 42 43 44 45 47 49 50
1 2 3 4 5 6 7 8 9 10 11 12 13 14 15 17 18 19 20 21 22 23 24 25 26 27 28 29 30 31 32 33 34 35 36 38 39 41 42 43 44 45 46 47 48 49 50
1 2 3 4 5 6 7 8 9 10 11 12 13 14 15 16 17 18 19 20 21 22 24 25 26 27 28 29 30 31 32 33 34 35 36 37 38 39 40 41 42 44 45 46 47 48 49 50
1 2 3 4 5 6 8 9 10 11 12 13 14 15 16 17 18 19 20 21 22 24 25 26 27 28 29 30 31 32 34 35 36 37 38 39 40 41 42 43 44 45 46 47 50
1 2 3 4 5 7 8 9 11 13 14 16 17 18 19 20 21 22 23 24 25 26 28 29 30 31 32 33 34 35 36 37 38 39 40 41 42 43 45 46 47 49
1 2 3 4 5 6 7 8 9 10 11 12 14 15 16 17 18 19 21 23 24 25 26 27 28 29 30 32 33 34 35 36 37 38 39 40 41 42 43 44 45 46 47 48 50
1 2 3 4 5 6 7 8 9 10 11 12 13 14 15 16 17 18 19 20 22 23 24 25 26 27 29 30 31 32 33 34 35 36 37 38 39 40 41 42 43 44 45 46 47 48 49 50
1 2 4 5 6 7 8 9 10 11 12 13 14 15 16 17 18 19 20 21 23 24 25 26 27 29 30 31 32 34 36 37 39 40 42 43 44 45 47 48 49 50
1 2 3 4 5 6 8 9 10 11 12 13 14 15 16 17 18 19 20 22 23 24 26 27 28 29 30 31 32 33 34 35 36 37 38 39 40 41 42 43 45 46 47 48 49 50
1 2 3 4 5 7 8 9 10 11 12 13 14 15 16 18 19 20 21 23 24 25 26 28 29 31 32 34 35 37 38 39 40 41 42 43 45 46 47 48 49 50
1 2 4 5 6 7 8 10 11 12 14 15 16 17 19 20 22 23 24 25 27 28 29 30 31 32 33 35 36 38 40 41 42 43 44 45 46 47 48 50
1 2 3 4 5 6 7 8 10 11 12 13 14 15 16 17 18 19 21 23 24 26 27 28 29 30 31 32 33 34 35 36 37 38 39 40 41 42 43 44 45 46 47 49
1 2 3 5 6 7 8 9 10 12 13 14 15 16 17 18 19 20 21 22 23 25 26 28 29 30 31 32 33 34 35 36 37 39 40 41 44 45 46 47 48 49 50
1 2 3 4 5 6 7 8 9 11 12 13 15 16 17 19 20 21 22 23 25 26 28 29 30 31 32 34 36 38 39 40 41 42 43 44 45 46 47 48 49
1 2 3 4 5 6 7 8 9 10 11 12 13 14 15 16 17 18 19 20 21 22 23 25 26 27 28 29 30 31 32 33 34 35 36 37 38 39 40 42 43 44 45 46 47 48 49 50
1 2 3 4 5 6 8 11 14 15 16 17 18 19 20 21 23 25 27 28 29 30 31 32 33 34 35 36 37 38 39 40 42 43 44 45 46 47 48 50
3 4 5 6 7 8 9 10 11 12 13 14 15 16 17 18 19 20 21 22 23 24 25 26 27 28 29 30 32 33 34 35 36 37 38 39 40 42 43 45 47 48 49 50
1 2 3 4 5 6 7 8 9 11 12 13 14 15 16 17 18 19 22 23 24 25 26 27 28 29 31 32 33 34 35 36 37 38 39 42 43 44 45 46 48 49 50
1 2 3 4 5 6 7 8 9 10 11 12 13 14 16 17 18 19 20 21 23 24 25 26 28 29 30 31 32 33 34 35 36 37 38 39 40 41 42 43 44 45 46 47 48 49 50
1 2 3 4 5 6 7 8 9 10 11 12 13 14 15 16 17 18 19 20 21 22 23 24 25 26 27 28 29 30 31 32 33 34 35 36 37 38 39 40 41 42 43 44 45 46 47 48 49 50
1 2 3 4 5 6 7 8 9 10 11 12 13 14 15 16 17 18 19 20 21 22 23 24 25 26 27 28 29 30 31 32 33 34 35 36 37 39 40 41 42 43 44 46 47 48 49 50
1 2 4 5 6 7 8 9 10 11 12 13 16 17 18 19 20 21 22 23 24 26 27 28 30 31 32 34 35 36 37 38 39 40 41 43 44 45 46 49
1 2 3 4 5 6 7 8 9 11 12 13 14 15 16 17 18 19 20 21 22 23 24 25 26 27 28 29 30 31 32 33 34 36 37 38 39 40 41 42 43 44 45 46 47 48 49 50
1 2 3 4 5 6 7 8 9 10 11 12 13 14 15 16 17 18 19 20 21 22 23 24 25 26 27 28 29 30 31 32 33 34 35 36 37 38 39 40 41 42 43 44 45 46 47 48 49 50
1 2 3 4 5 7 8 9 10 12 13 14 15 17 18 19 20 21 22 23 24 25 26 27 28 29 30 31 32 33 34 35 36 37 38 40 42 43 44 45 46 47 48 49 50
1 3 4 5 6 7 8 9 10 11 12 13 14 15 16 17 18 19 20 22 23 24 25 26 27 28 29 31 32 33 35 36 37 38 39 40 41 42 43 44 46 47 48 49 50
1 2 3 4 5 7 10 11 12 13 14 15 16 17 18 19 21 22 23 26 27 28 29 30 32 33 34 35 36 37 39 40 41 43 45 46 47 48 49 50
1 2 3 4 5 6 7 8 9 10 11 12 13 16 17 18 19 20 21 23 25 26 27 28 29 30 31 32 34 35 36 37 38 39 40 41 42 43 44 45 46 47 48 49 50
2 3 4 5 6 7 8 9 10 11 12 13 15 16 18 19 21 22 23 24 25 26 27 31 32 33 34 35 36 37 38 39 40 41 42 45 46 47 48 49 50
1 2 3 4 5 6 7 8 9 10 11 12 13 14 15 16 17 18 19 20 21 22 23 24 25 26 27 28 30 31 32 33 34 35 37 38 39 40 41 42 45 46 47 48 49
1 2 3 4 5 6 8 9 10 11 12 13 14 15 17 18 19 20 22 24 26 27 28 29 30 31 32 33 34 35 36 37 38 40 41 42 43 45 46 47 48 49
1 2 3 4 5 6 7 8 9 10 11 12 13 14 15 16 17 18 19 20 21 22 23 24 25 26 27 28 29 30 31 32 33 34 35 36 37 38 39 40 41 42 43 44 45 46 47 48 49 50
1 2 3 4 6 7 8 9 10 11 12 13 14 15 16 17 18 19 20 21 22 23 25 26 27 28 29 30 31 33 34 35 36 37 38 39 40 41 42 43 44 45 46 47 48 49
1 2 3 4 5 6 7 8 9 10 11 12 13 14 15 16 18 19 20 21 22 23 25 26 27 28 29 30 31 32 33 34 35 36 37 38 39 40 41 42 43 44 45 46 48 49 50
1 2 3 4 5 6 7 8 9 10 11 12 15 16 17 18 21 23 24 26 27 28 29 30 31 32 33 35 37 39 40 41 42 43 45 46 47 48 49 50
1 2 3 4 5 6 7 8 9 11 12 13 14 15 16 17 18 19 20 21 22 23 24 25 26 27 28 29 30 31 32 33 34 35 36 37 38 39 40 41 42 43 44 45 46 47 48 49 50
1 2 3 4 5 6 7 11 12 13 14 15 16 17 18 19 20 21 22 23 24 26 28 29 30 31 32 34 35 37 38 39 40 41 42 43 44 45 46 47 48 49 50
1 2 3 4 5 6 7 8 9 10 11 12 13 14 15 16 17 18 19 20 22 23 24 25 26 27 28 29 30 31 32 33 34 35 36 37 38 39 40 41 42 43 44 45 46 47 48 49 50
1 2 3 4 5 6 7 8 9 10 11 12 13 14 16 18 19 20 21 23 24 25 26 27 29 30 31 32 33 34 35 36 37 38 40 41 42 43 44 45 46 47 48 49 50
1 2 3 4 5 6 7 8 9 10 11 12 13 14 15 16 17 18 19 20 21 22 23 24 25 26 27 28 29 30 31 32 33 34 35 36 37 38 39 40 41 42 43 44 45 46 47 48 49 50
2 3 4 5 6 7 8 10 11 12 13 15 16 18 19 20 21 22 23 24 25 26 27 28 29 31 32 35 36 37 39 40 41 42 44 45 46 47 48 49 50
1 2 3 4 5 6 7 8 9 10 11 12 13 14 15 16 17 18 19 20 22 23 24 25 26 27 28 29 30 31 32 33 34 36 37 38 39 40 41 42 43 44 45 46 47 48 50
2 4 5 7 8 9 10 11 12 13 14 15 16 17 18 19 21 22 23 24 25 26 27 28 29 30 31 32 34 35 36 37 38 39 41 42 44 45 46 47 49 50
1 2 3 4 5 7 8 9 10 11 12 13 14 16 17 19 20 21 22 23 24 25 26 27 28 29 30 31 32 34 35 36 37 38 40 41 42 43 44 46 47 48 49 50
1 2 3 4 5 6 7 8 9 10 11 12 13 14 15 16 17 18 19 21 22 23 24 25 26 27 28 29 30 31 32 33 34 35 36 37 38 40 41 42 43 44 45 46 47 48 50
1 2 3 4 5 6 7 8 9 10 12 13 14 16 17 18 19 21 22 26 27 28 31 32 33 34 35 36 37 38 41 42 43 44 45 46 47 48 49 50
1 -5 2 -1 -1 0 4 1 -2 0 2 -3 4 -3 2 0 -1 -3 -5 -2 -1 4 5 -2 4 1 -2 -5 -3 5 -2 4 -3 -3 -2 -1 -5 4 -3 4 3 3 -5 0 -4 -1 5 0 -4 -3
5 -3 3 -5 2 3 4 -2 5 -1 -1 1 1 -2 -3 0 3 -1 5 0 0 -2 -2 3 -4 0 -4 5 4 4 -1 -4 -2 0 2 5 -3 -5 4 2 -3 2 4 -1 -5 2 -3 5 5
4 -4 1 -5 -3 3 0 5 2 0 5 1 -2 2 -3 0 -3 -1 0 -5 4 -3 1 0 -1 -1 -1 1 5 3 5 4 -3 -5 1 -4 -2 -4 0 3 3 2 -5 -1 -1 -2 -1 -2
0 -3 -1 -3 5 3 -2 0 2 5 4 -4 -3 4 4 2 -4 -3 5 1 -3 -2 -3 -4 -1 5 -2 -2 2 -1 2 -3 0 3 -2 3 2 2 -4 -2 4 1 -1 2 -4 0 3
3 -5 4 -5 -2 5 2 2 2 -5 2 1 5 1 -1 0 1 -4 1 3 -4 -3 -1 -5 -3 4 -3 1 -4 0 0 5 -4 4 3 4 -1 0 -5 -1 0 -2 3 5 -3 5
-3 -3 -3 -4 -2 1 5 4 5 -5 -4 0 -5 -3 -4 3 -5 -4 -4 4 -2 -2 5 -2 3 -5 -3 -3 -2 4 -4 -2 -4 -3 -5 -2 3 3 3 -4 -5 -1 2 1 5
3 5 3 1 5 2 4 2 1 -4 -3 -1 -3 5 3 -1 1 3 2 -2 2 -5 1 3 -3 -1 -4 -4 5 3 4 2 -1 -1 -4 -2 0 3 3 -3 2 0 1 4
4 -3 -4 -5 0 5 -5 3 -4 -1 4 0 -3 -3 2 1 -1 -2 3 2 1 -3 5 -1 -3 -4 3 3 5 -3 -1 -4 -4 -5 3 -1 1 5 -2 5 -4 -4 -5
-4 -1 5 2 1 -5 -2 -5 1 -2 -2 3 -3 -3 0 4 -4 5 -4 1 4 -1 -5 -4 -3 0 -1 0 4 3 4 2 5 -3 -3 -4 4 5 2 -4 -3 -4
-2 -1 -5 -3 -1 4 3 -1 5 -4 0 2 1 -1 -1 2 5 0 -4 -1 -4 -2 -5 1 -1 5 0 0 1 2 4 -2 -4 -2 0 -1 0 -1 -3 -1 3
-1 -2 4 -5 4 -1 0 -4 0 4 0 0 -5 -3 2 -5 -5 -2 -4 -2 -4 -3 -4 5 3 -2 4 -3 5 -1 -1 -2 5 -1 0 -5 -3 4 -4 -1
1 4 5 -3 -3 2 5 -4 -4 -5 5 0 -2 0 -4 3 1 -5 -1 4 1 4 3 -2 -1 -1 2 2 -1 5 2 0 4 -2 -3 -3 0 0 -1
-5 5 0 0 3 1 0 0 3 -3 3 1 3 -2 -3 -2 5 -5 -4 -5 0 4 3 -4 4 5 4 -1 4 0 -2 -4 4 -2 2 2 -1 -4
0 4 0 -5 -4 -2 4 -1 -2 -5 -3 -1 0 3 -5 1 4 4 -4 3 -5 3 1 5 5 -5 -5 -5 1 2 0 -5 -5 5 4 -4 -5
5 1 -5 2 4 3 3 3 4 -1 3 -3 -3 3 2 4 -3 4 5 0 -5 1 2 1 -5 5 -2 -4 -1 4 5 -5 -5 -4 0 -2
0 3 5 -1 -1 4 -5 0 1 -1 1 -2 -1 4 -2 0 0 -3 0 -1 2 4 1 3 3 -5 -1 -5 2 3 -4 2 4 2 1
-2 -5 2 3 -5 2 4 4 5 0 -2 5 -4 -3 3 5 3 3 4 2 -4 -3 4 -3 -1 1 5 -3 3 5 -4 2 1 -4
-5 -4 4 -3 2 -5 1 -1 -4 -2 -4 -2 -1 0 -3 3 2 3 -4 -4 2 -1 2 -4 2 -2 2 4 -3 4 -1 -4 -4
-2 1 -4 2 2 -1 -4 -5 -5 3 -4 -1 3 -1 -5 -1 0 -2 -2 0 3 4 -1 -1 -5 3 -5 -2 2 3 1 -2
0 -3 3 -1 4 0 5 0 2 2 4 -4 -3 -2 2 5 4 5 -4 -1 0 2 2 5 0 -3 5 2 -1 2 4
2 -2 0 5 1 3 -4 5 1 2 -4 1 5 -3 -1 4 3 0 2 4 3 2 0 -2 -4 -3 4 5 3 -2
-5 1 -3 -3 1 -3 3 1 -3 -5 4 -2 2 -1 -1 -2 2 -5 4 2 1 4 2 -5 4 5 0 1 -2
-2 0 -3 4 4 4 1 2 -5 4 3 2 -2 2 -2 -1 1 -3 1 2 1 -3 0 2 1 -4 0 -2
2 -5 5 -2 5 3 5 2 5 -4 -3 -1 -1 -4 -3 4 1 -1 1 1 4 3 4 -3 -5 -4 1
3 2 5 -4 4 0 1 4 1 -3 0 5 5 -2 1 -5 2 -2 1 0 4 -2 -4 -3 -3 -1
1 0 -5 2 4 2 5 -5 -1 -5 -3 3 5 -5 4 0 1 -5 -1 2 -4 0 2 1 -2
4 0 -1 1 -2 -3 1 -4 0 1 -5 -5 1 -4 -1 5 -3 0 0 -5 1 5 -4 -3
-3 -2 -5 -3 -5 -2 -5 3 -4 2 3 3 3 -1 -3 -3 -3 0 -1 1 5 3 1
0 -3 -2 5 -4 3 4 -2 4 1 -2 5 -5 -3 2 4 3 0 2 -1 -4 -3
-3 1 -2 -2 -2 -4 2 -3 4 -4 -4 2 4 3 -5 1 4 -5 -5 -4 -5
0 -1 1 -2 2 -5 4 5 -4 5 3 3 -2 -2 -5 1 -4 0 -4 0
5 2 1 5 1 5 -4 -4 4 0 2 2 5 -3 2 0 -5 1 3
2 -2 5 -5 0 -4 5 3 2 -1 4 4 2 4 2 3 0 3
2 -1 -3 3 -3 5 1 -5 -5 4 -1 2 1 -4 -5 4 4
2 5 -2 5 5 3 -2 -4 -4 1 4 -3 -4 3 2 -2
4 -1 -4 -2 -3 4 3 -1 -1 2 -4 2 -1 0 -2
-5 -2 4 2 0 4 -2 -1 2 5 -2 0 -1 4
-3 -3 2 0 1 -1 -4 1 -4 -5 2 -3 -2
-1 -2 -5 -1 -5 -1 5 3 -2 -3 1 -1
0 -2 5 5 -5 1 1 -5 0 -2 3
-1 -1 -3 3 2 0 -1 1 -1 -1
5 -5 2 4 2 -5 3 -2 2
-3 3 4 -4 -2 -3 2 -5
4 5 -5 -5 -1 2 2
0 -5 -5 1 3 3
5 1 1 -5 -5
0 0 -5 -1
-1 -1 -3
3 4
-4